101110101001101101101100011001111
111000011010000100011111111100101
110000010000011111110101010000111
001010100011110101000100111010001
111001011000111101010000111101011
101111000010101000111010001000000
010001000000111111010011110101110
111010100001010001111101110101010
110100010110110100001001010101000
010101011110100001010101111100000
011010110100001111111010111101000
010111111010001111101010101111111
010111101010111101111010111001110
111010111100000101011010111101010
010100010101110101010001011101110
000101111010111111011110111101110
111101010011101110101011101011010
010111101000011111010101010111110
011010101010101111110100000110101
110101101010001010101011110101010
010101010111010101000101010100010
010101011111101100000000101010001
101010101010101010100101010111010
111010101100010101010100111101011
011110101110101110101011100011111
000000101010111010111010101111010
011101010111010101011101000010100
101010101110100001010101010101010
010101110101010100001010101010101
111000010101010101011101000010101
001011111010111100001010110010101
010101010101000101010101010101010
111010101110001010000101010111010
010111101010111010101010101011110
000110110011101010111010111011011
101010101010101111111001010000101
010101011110000001000001110101011
010111100001010110101010101011111
001110110010111010100010011110000
010101010101010101111111110101111
111010111000000000010101110101010
010101011010101111100010101010000
000101010010101010101010101010101
000000111111000100000000111111111
010101011101000101010101010100000
111001000001010101010101010101001
000001111100011010101011111100000
010101010101011111111000000001010
010101010101010111101010101010101
101010101010100001000011101011101
